node1,node2,score
26059311,4429332928,372.09127718150273
26059311,1987116406,325.6267448569695
26059311,1924125169,327.34040509081444
26059311,1924125174,342.69855033243084
26059312,420547128,279.0149137492182
26059312,2518952176,242.53795844590445
26059312,1941921927,196.78586356278572
26059315,2518952144,174.73625537424533
26059315,420547124,168.34736063390054
26059315,2518952154,184.77186729783804
26059326,2990317175,188.90169019518459
26059326,3255215311,291.6236349111833
26059326,3255248421,212.3870981766031
26059332,1943828794,242.01655853167568
26059332,1729202398,196.43239015937374
26059332,4429259475,217.74580095448925
26059343,2990317173,58.20396828962906
26059343,1987108058,104.36995808216527
26059343,1987108044,82.50476851821712
26059362,6315375926,194.12148171663117
26059362,6315375928,193.28503857052587
26059362,1307159575,192.3160721808269
26059363,1987108061,210.43246254388782
26059363,6315375926,200.90360768000255
26059363,6315375927,169.46012377445112
26059364,60076972,111.5473021701326
26059364,1307159488,170.52972130602924
26059364,9339668038,152.56725771096643
26059367,1987108056,241.32081661212064
26059367,9339668045,209.6598986936873
26059367,1984430498,257.9314734275587
26059367,3357222519,266.06917258571946
26059368,1307159451,339.52167158172585
26059368,7287615670,340.94777760000784
26059368,3357222488,352.57707314900784
26059368,423743084,348.626447518698
26059375,26059376,625.9045081344977
26059375,6273863585,626.4528661268625
26059375,1076646244,585.0468229801226
26059376,7287615682,627.2517092067696
26059376,26059375,625.9045081344977
26059391,9724181992,2.0021343244433875e-14
26059391,2578036927,8.494408543357371e-09
26059391,2578036978,8.773628343529036e-15
26059394,5108635182,3.080701092532772e-10
26059394,9724124005,7.320954755271987e-10
26059394,4415853913,3.5298566503641064e-10
26059396,4415853916,5.077350229455268e-11
26059396,4415853913,9.363604403268173e-11
26059396,9725172298,1.563911012592373e-08
26059482,9724126057,1.1195900454993066e-09
26059482,9741201302,3.442363614952682e-10
26059482,9724181835,9.54995663873088e-10
26059482,9724181837,3.3665585119216286e-10
26059484,9724181831,3.350059405514409e-07
26059484,1908159203,2.4782567931571286e-07
26059484,1908159214,1.1626310693435598e-06
26059484,9724126055,5.101194440938324e-07
26059484,9724126048,4.521404748487417e-07
26059486,9724126053,0.015221677562824712
26059486,334549717,0.2577913730600075
26059486,6781639573,0.006982672396366497
26059488,9840211283,0.02647539888551771
26059488,9724126052,0.23753777054635258
26059488,9724126025,0.0542705037698972
26059488,4486596996,0.03524495360292318
26059488,9724126036,0.02866093416246752
26059491,311784014,218.33916647457738
26059491,8667811489,216.23473680133628
26059491,2761345328,229.3980230459426
26069751,11062897573,210.0064567568329
26069751,11062897571,201.05077309763328
26069751,11062897575,185.5866027420481
26069751,8671125343,192.97787816965808
26069766,3304121487,266.1465338802286
26069766,1676908272,399.0297337650278
26069766,26069768,313.17591231849747
26069768,3304121487,260.96493787266706
26069768,26069766,313.17591231849747
26069768,1378014339,317.5226066335297
26069770,315310576,204.1969739217771
26069770,3353466950,202.45787537320746
26069770,2141140253,206.27404560063943
26069794,2612147350,77.78990878996196
26069794,1151731183,170.6861598244694
26069810,8667810935,371.6823102596015
26069810,1726063077,370.5554464774022
26069810,8667810936,359.6591305252499
26069810,8667810940,380.8397304813394
26069823,1120363103,29.80768621024872
26069823,318918114,32.258863710404356
26069823,318918107,34.33088751734256
26069824,5371862331,16.12291085961839
26069824,5601254519,16.173824121375326
26069824,1120363103,31.08748520526039
26069837,1859239348,327.6592555002119
26069837,1859239366,329.7125939005783
26069837,9343114856,315.6660424715292
26069842,1099409292,258.2649584615043
26069842,1859239303,261.7743421145264
26069842,26069843,243.54635832681203
26069842,1482272896,286.6387195478999
26069843,1099409305,244.8267534913674
26069843,26069842,243.54635832681203
26069843,1482272898,233.33266010503866
26069847,26069848,231.71240159775752
26069847,4355285623,272.85508353810894
26069847,1482272898,242.52786100723978
26069848,26069847,231.71240159775752
26069848,1120362686,226.1029384304664
26069848,1482253551,182.80912140303633
26069860,8667810991,250.83084681734942
26069860,2903311409,206.97177056826678
26069860,321706262,265.3967526703308
26069864,8667811456,113.43634428215037
26069864,8667810982,129.9948921726239
26069864,12513774340,143.5872483627232
26069872,321706138,188.8478684149133
26069872,8667811465,202.15765395304888
26069872,2348039030,202.74254436165165
26069872,8667811464,192.7496843074074
26069885,8667811675,260.7966047118831
26069885,311783999,263.3404626607173
26069885,8667811505,270.31251712137714
26069885,8667811506,249.71608768126885
26069890,26069907,245.41571524544815
26069890,8670492768,249.8552965058343
26069890,26069905,270.13249624077747
26069890,9127689083,302.51705343840325
26069904,8670492759,273.0545109352822
26069904,8670492789,275.45670544828374
26069904,8670492788,269.7078959448028
26069904,8670492791,280.57485233240527
26069905,8670492769,283.9336801531732
26069905,26069890,270.13249624077747
26069905,2626385834,289.1802805903876
26069907,26069890,245.41571524544815
26069907,8667811675,248.54656964540288
26069907,8667811502,230.18484298678703
26069924,8667811629,346.831996903539
26069924,388545531,370.24413982136525
26069924,1151731672,306.143510241042
26069924,11013982195,379.05185283752525
26069943,8568550515,362.51119283640253
26069943,1724126472,382.1088406083173
26069943,2500758996,427.0693598023272
26069971,8568550544,294.3308788643924
26069971,1974739977,294.2421816852193
26069971,2135785102,282.79411055231685
26069971,8568550549,452.91358782029425
26069976,4398463921,432.034223430103
26069976,2383000573,399.4425568024169
26069976,2383000569,423.8781104387598
26069982,11062897571,235.25488236365499
26069982,11062897521,265.0413536130153
26069982,4872043761,302.1804728499388
26069984,10983579255,386.7877658088855
26069984,1307159341,387.64004252921575
26069984,1122468021,350.0755589702851
26069984,4419114783,368.6376908415625
26069992,1079387357,276.79665856894417
26069992,9322639654,286.2749707620536
26069992,9322639623,279.2697967283542
26069992,9322639629,284.35941622071596
26070019,1151193767,271.81006003422203
26070019,2384319107,272.21947688143007
26070019,4419515358,254.2839617260547
26070019,11409493401,263.5162044424184
26070019,10958953806,324.9570174556808
26070025,1974739919,434.11432784917065
26070025,1151193803,423.4795276791563
26070025,1163353695,355.2687037418252
26070025,1974739937,349.8144060143982
60075259,6273863583,543.8638485381599
60075259,3357222510,453.9416787106293
60075259,9339668102,444.71890347847545
60075259,1076646500,506.0244793083709
60076966,3204444201,279.09753245014997
60076966,3063460625,188.66271284021133
60076966,3256266055,236.12694533499715
60076972,1307159337,129.77437681314638
60076972,26059364,111.5473021701326
60076972,1307159370,147.69099986213132
60076973,1307159494,235.0155602726715
60076973,1307159412,249.68692342765422
60076973,1307159285,284.66849824319434
60076978,1151193387,291.3799985822714
60076978,1974739890,286.075020789801
60076978,4419524069,308.61637009780327
60076978,4419524041,242.0358783771754
311080367,311080375,234.90698821979294
311080367,1726059984,229.3023718520829
311080367,8667811049,235.0064044554544
311080367,8667811456,166.41364233947922
311080375,311080367,234.90698821979294
311080375,8667811048,236.9879454286621
311080375,11089396200,235.19448270063515
311080375,7224448691,235.56691691811665
311080375,8667811050,236.8048608975374
311080380,7224393857,525.0257847058347
311080380,5160642090,509.2580257577174
311080380,321706316,512.7765266005848
311783969,8670492811,125.62098628835642
311783969,8670492812,126.34804526712655
311783969,8670492810,125.78210381918873
311783969,8670492809,126.34933004282838
311783971,7798135090,163.61819291852507
311783971,7798135087,163.6218914948437
311783971,7798135088,163.70820012608596
311783971,7798135085,164.3559308402471
311783991,8667811555,192.97493798024118
311783991,2606055790,202.92536152101198
311783991,8667811558,195.18704786367016
311783999,26069885,263.3404626607173
311783999,8667811507,250.1848287455694
311783999,8667811504,272.1384219141811
311784002,12749424064,190.6722982419944
311784002,8667811509,152.40800397120034
311784002,8667811518,152.2628831924832
311784002,8667811516,147.6599708829919
311784014,26059491,218.33916647457738
311784014,2627120776,207.35472714325192
311784014,2627120777,201.42946625112086
311784014,8667811488,202.79779587145185
311784014,8667811479,208.17675063448118
311784017,8667811460,194.20790189051343
311784017,8667811483,202.65807439236056
311784017,3951197837,213.5609280559575
311784017,8667811479,205.03856183796765
313164058,9724337873,88.32271568157029
313164058,9724337865,94.39463838988806
313164058,9724126028,90.87654361673009
313164058,2627120776,147.77576149888813
313164058,2627120777,141.850500606757
313164076,2761345326,251.28381007938918
313164076,8670492870,249.4627207295821
313164076,8670492871,247.90063547264424
313164089,8670492861,304.79401760417664
313164089,8670492863,289.8826533730516
313164089,8670492864,306.3732027861729
313164089,8670492862,285.32142822257254
313164093,8670492831,375.625584308362
313164093,10978590012,367.57761276383405
313164093,441708902,382.43285667101577
313164098,9127689093,425.70131740773127
313164098,1953248265,467.3755927580311
313164098,8670492830,400.72319352363195
313164113,441708908,372.68405777296135
313164113,8670492837,391.008260926877
313164113,313164120,366.37959408167933
313164120,2990938768,342.1903335731674
313164120,8670492842,352.47861033708296
313164120,313164113,366.37959408167933
313164126,8667811524,253.52586819968064
313164126,8667811525,239.9367785124427
313164126,3357165290,233.21287817603852
313164126,8667811523,253.4901247270563
313164142,415647757,378.4394267945416
313164142,8667811645,379.78308706925037
313164142,8667811650,374.58477033286715
313164142,8667811644,376.8568693065601
313164160,2600512320,262.0322809389297
313164160,2600512316,309.90812128678533
313164160,1307159422,259.73648306332865
313164160,1151731340,344.4245226661286
314947100,3335611400,177.37450773313626
314947100,321706332,174.4026692901672
314947100,11089396200,209.7123557932727
315310567,318556931,19.139401165732597
315310567,4526522049,16.480370900442757
315310567,315310576,69.99736330261598
315310576,1151731188,103.83746375614635
315310576,315310567,69.99736330261598
315310576,26069770,204.1969739217771
315310709,3597730446,486.5652481208357
315310709,3597730434,380.18178698989345
315310709,3597736119,465.4776626456801
315310709,7537285775,381.506090127784
315310709,3597730454,396.93869957218766
315310715,418760276,204.92434874312107
315310715,2136831318,216.30660295886372
315310715,9311714927,251.81391615670242
315310715,316623789,100.28243161230348
316228995,2141140253,95.86391006606253
316228995,2141148648,79.43662029752144
316228995,8671125496,138.3095909936732
316622556,4308577544,0.022908417439060438
316622556,316622625,0.021730271182576498
316622556,316622557,0.014555971804829091
316622556,4308577537,0.03378985522728961
316622557,4308577513,0.007491150721083457
316622557,2905652666,0.007962591192425775
316622557,10959236259,0.005295220171691943
316622557,316622556,0.014555971804829091
316622557,10074157218,0.003699364344303083
316622558,10074157219,1.5940242176013257e-10
316622558,10074157221,1.460586594138009e-10
316622558,4308577521,6.898870402055669e-10
316622558,4308577520,1.8934360065408107e-09
316622589,8675744890,1.1605714738704155e-08
316622589,316622621,4.980279329288735e-09
316622589,4308577527,1.0212952294561403e-08
316622589,4308577520,5.492692663664328e-09
316622614,5601254518,0.499519176028293
316622614,2905651997,0.34110074929689727
316622614,8667811104,0.4321233014043452
316622614,5601254520,0.3605693467143733
316622614,5601255521,0.5794982294179065
316622615,4308577528,0.0001590386069480056
316622615,1919128601,0.00011290440394959365
316622615,4161791385,0.00010400820287993635
316622615,4308575662,0.00016234881481215602
316622621,316622589,4.980279329288735e-09
316622621,8675744889,2.0178609187842143e-09
316622621,4308577525,1.9896365179988966e-09
316622621,4308577539,3.413150511294463e-09
316622625,316622556,0.021730271182576498
316622625,4308577538,0.033565280981821106
316622625,4308577513,0.014665450098830862
316622626,331685115,42.8772257959061
316622626,5371862338,31.4883194662126
316622626,5371862337,31.712678635988894
316622626,6435472420,39.90104431323428
316622626,6435472418,42.33421750474271
316622630,3371223562,0.0028509129104326665
316622630,8675745274,0.004701693671554093
316622630,1985391128,0.0025236499879934715
316622632,3665029963,7.214280313545198e-11
316622632,3665029961,1.7710953068123345e-11
316622632,1076646383,3.7541669208001636e-11
316622632,8675745300,3.192606188471834e-11
316622633,8675745331,137.13889573497997
316622633,2905602261,136.35828015281186
316622633,4061814753,155.9218989016944
316622633,2905602260,119.5748997295398
316623789,2136831332,0.9982195539010104
316623789,318556931,3.9214385685580764
316623789,315310715,100.28243161230348
316623789,4043578969,17.214557427338825
318296824,1747621105,340.86200323828393
318296824,1076646409,332.56101232794447
318296824,8568550659,342.7527764308571
318296824,8568550653,289.7131250950629
318296827,1747621055,170.8181273689211
318296827,4461256992,175.42840920238183
318296827,1168830444,184.21865688228883
318296827,1747621091,217.75526986368146
318296845,11089401045,275.2473208376173
318296845,8670492937,258.28619945042414
318296845,8568550678,305.8240981675591
318296847,8670492937,231.2782490665464
318296847,8670492938,232.09501690832008
318296847,8670492936,218.7966119047589
318296847,2348039075,222.18105488245314
318296850,8670492879,95.05568917814662
318296850,8670492936,153.79144181946975
318296850,11197005144,118.43992847943733
318556931,698993624,6.537863464034844
318556931,316623789,3.9214385685580764
318556931,315310567,19.139401165732597
318918096,8667811033,98.14073138492446
318918096,3335611398,125.78924337199896
318918096,8667811055,113.07573641978846
318918107,8667811033,65.65521140914963
318918107,8667811010,84.09803134134152
318918107,318918114,37.06626736620129
318918107,26069823,34.33088751734256
318918114,26069823,32.258863710404356
318918114,1726063067,56.10899044032189
318918114,318918107,37.06626736620129
318918192,4382229571,57.79936926429618
318918192,5601254518,27.66045716860017
318918192,8667811107,27.805639082951053
318918196,10959236205,62.87388014130846
318918196,1726063067,70.02903039108915
318918196,318918200,93.94996361863691
318918200,8667811011,143.41635299691885
318918200,8667811012,152.49017520577087
318918200,318918196,93.94996361863691
318918200,10959236205,93.98952029914776
318919585,429592661,3.3862288352183103e-07
318919585,8667811122,2.3329585604978458e-07
318919585,12735986658,2.799049289819249e-07
318919585,8667811126,5.247772744181961e-07
318919585,8667811127,3.6229453672566063e-07
318919601,1919128613,3.669213457520867e-22
318919601,8675317224,5.450253887062504e-22
318919601,429592655,2.0112260754836663e-22
318919638,1163353672,209.434825023968
318919638,9336925887,272.48210174156986
318919638,1163353714,207.69430190969518
318919640,11066181541,242.1828501478426
318919640,427515899,293.4910154586602
318919640,1163353732,270.8228505409219
318919652,5559573791,351.59561313902105
318919652,2905733961,409.8236925976426
318919652,426526840,397.80645987898527
318919670,5413535656,152.72471290428007
318919670,418281203,136.26565294715783
318919670,4817577918,192.9758626331922
318919670,5413535670,143.0619875172431
318919673,2916169642,250.77069984189654
318919673,2916169640,267.30871890653236
318919673,3335279401,267.05672484429095
320239328,5069109522,0.004116171793205853
320239328,8667811111,0.005767168508262893
320239328,8667811110,0.008622740962930175
320239329,9320919909,2.2856296988161778e-05
320239329,4407994839,1.9682090098324505e-05
320239329,2628529115,23.447063269971544
321706130,665074329,215.05991320863149
321706130,10870528493,152.12236529380658
321706130,665074326,159.71839940408307
321706137,2270099662,343.45959322456497
321706137,8670492961,332.4942151998954
321706137,8670492960,326.73216471308706
321706138,26069872,188.8478684149133
321706138,8667811463,177.46238279318453
321706138,8667811466,184.86311547744694
321706141,8670492927,249.69317125937937
321706141,9336469648,256.7595720421928
321706141,8670492935,243.0119325057119
321706143,8568550722,264.6624873938874
321706143,1747620923,134.79655615317782
321706143,8568550721,262.2297084293167
321706262,1101582428,282.97961418713726
321706262,3677437814,285.07505195219846
321706262,26069860,265.3967526703308
321706262,1859239461,273.9981632198606
321706262,1724154142,236.92807318490748
321706262,1859239447,298.3094033417765
321706316,7224393859,492.8147888575878
321706316,311080380,512.7765266005848
321706316,5160642088,490.3784265993153
321706321,321706324,146.2004621466794
321706321,7224393859,305.8734797700551
321706321,11089396200,179.42061994125655
321706324,2903294025,121.9129533089245
321706324,321706321,146.2004621466794
321706324,2578036796,164.11766916536578
321706332,8667811034,169.46781741519405
321706332,314947100,174.4026692901672
321706332,2578036863,166.93738051778848
321706337,1120363051,268.4436144256674
321706337,1120363029,277.1443602020282
321706337,1120362934,225.91193932541847
321706338,1097076793,317.2783138840486
321706338,1120362712,371.19251276715863
321706338,1120362650,312.1442223803259
321706338,4413455814,290.5198264744001
321706338,11012210923,310.4311345280143
321706339,8667811215,225.94672213738963
321706339,4413455814,265.18618510411636
321706339,9343114846,258.05790950189385
321706341,7930454485,381.6788519822685
321706341,11012210924,350.89703158491915
321706341,1482272894,404.80015295011583
321706341,11012210923,347.7610157432179
321706363,6315376027,138.32058060978517
321706363,8675745355,114.44018365273294
321706363,665087333,99.50019642465747
321706363,1718165248,95.82855059101146
321706363,1718165255,92.64230658244452
321706366,8872037932,271.4390631829408
321706366,6315376027,187.07607205587345
321706366,924213338,259.69125805641096
321706369,11066131676,395.5947569044941
321706369,321706371,369.0359959741671
321706369,3306935725,330.43598720090193
321706369,368297594,406.598959141279
321706371,321706369,369.0359959741671
321706371,1722866344,314.5391634745814
321706371,1079387373,325.60412405505866
321706377,6333711663,308.75631751689383
321706377,4408412729,318.8325316862979
321706377,1127494351,300.7973881095975
321706380,9319931669,253.21262269035435
321706380,4401808638,226.70881843614882
321706380,7721501220,220.23782015577268
321706380,1103039646,240.86423260910698
321706382,9319931625,304.3197762254076
321706382,9319931623,297.9966182202316
321706382,1122468024,292.11119739170704
321706382,9319931629,304.4668076846408
321706394,9319931570,342.7023153170873
321706394,1188790281,347.25012801376414
321706394,9319931572,345.3569390003008
321706394,9319931568,344.0400471987627
321706395,11400016542,187.07298318013363
321706395,1079387306,199.33559308253513
321706395,2630761950,246.598204280422
321706396,9319931548,424.1074790440973
321706396,7721501212,414.36962474273224
321706396,9319931576,423.1598051485797
321706398,2600512323,197.9786093454133
321706398,368297601,310.90168341591595
321706398,4973553137,210.17689085789456
321706398,1200097377,236.16229650059557
321706399,6333865579,264.636938833063
321706399,6333865580,267.1894746318579
321706399,6333865581,286.1389701743159
321706399,6333865582,278.7377319024971
321706409,8670492884,150.9953662249747
321706409,8670492885,150.12390521960364
321706409,8670492871,197.94889136309124
321706410,10818971178,344.9129874205951
321706410,8670492842,361.1986791695715
321706410,321706413,376.5422314799333
321706413,1953248250,449.66874656782073
321706413,321706410,376.5422314799333
321706413,321706415,398.6393790895644
321706415,1953248257,470.67242410276765
321706415,321706416,391.6358445421527
321706415,321706413,398.6393790895644
321706416,9127689093,393.05922266383465
321706416,321706415,391.6358445421527
321706416,10818971148,359.50800577014456
322800776,1151193163,458.23696258336327
322800776,1151193544,423.04506958417346
322800776,9326297964,361.24510353565466
322800776,1151193614,395.1117939795514
322800777,1163353680,348.16675251408316
322800777,9323286208,395.71709283786794
322800777,2905733426,337.79729501371617
322800777,1163353694,302.2616854808128
322800785,9029164658,177.55708285860518
322800785,2042814613,196.28173179604474
322800785,9029164661,179.52055279476667
322800785,9029164663,199.52472170521722
322800785,1968971373,201.88387416503764
322800786,3485172099,204.84636739135652
322800786,1163353694,238.7334683068028
322800786,1163353663,204.56621298327946
322800789,3335279414,325.7438729913238
322800789,8671125518,311.66547813850104
322800789,8671125545,424.5221854667379
325668277,9336469657,181.8230579688909
325668277,665074294,198.3210608849139
325668277,8670492990,177.39687823579936
325668287,2270233777,200.41673171117606
325668287,2270233799,211.98153919803946
325668287,1168830640,176.18105277689628
325668287,1755241754,219.07792431393236
325668295,8670492951,288.53098970768286
325668295,8670492953,259.54523688611664
325668295,8670492949,262.9484215082235
325668295,8670492955,277.7829437989836
331638814,3484178782,305.7253672456145
331638814,1115665668,337.8678023652551
331638814,4408418539,346.47364960141647
331638816,2916985828,226.70508974770001
331638816,2916985870,182.3009221941697
331638816,4408412729,289.41545609066804
331638816,2905764739,289.53294492643363
331638817,1127494203,451.3662361325273
331638817,3335279431,554.2264093437637
331638817,331638819,506.10490525310104
331638819,3335279432,499.77141677386453
331638819,2905764741,396.8529702027778
331638819,331638817,506.10490525310104
331638820,4551174864,147.3712940769708
331638820,410456356,144.8607633172367
331638820,331638836,143.2542719993176
331638823,4551171694,327.0900628162557
331638823,331638826,318.2184436800716
331638823,410456354,267.02517627228946
331638826,4269544918,364.185589292173
331638826,331638827,324.6625812396188
331638826,331638823,318.2184436800716
331638827,8671125632,339.7401969505004
331638827,331638828,288.5100375051714
331638827,331638826,324.6625812396188
331638828,8671125631,276.1476681133861
331638828,331638829,232.63046944548665
331638828,331638827,288.5100375051714
331638829,4269544930,201.4465484804213
331638829,331638832,175.2702154874508
331638829,331638828,232.63046944548665
331638832,2902738366,152.24670758103582
331638832,331638836,147.0537195263319
331638832,331638829,175.2702154874508
331638836,6437941619,146.1060397916317
331638836,331638820,143.2542719993176
331638836,331638832,147.0537195263319
331638845,2383000375,357.647983689457
331638845,3355904085,402.7520765365367
331638845,1079387328,287.93764853199366
331638848,10983579388,200.17054860035978
331638848,9322994513,209.45970383488014
331638848,4413406774,257.415660330317
331638848,8671125221,272.994643837643
331638852,9319931542,301.6216190563026
331638852,9319931537,302.80500700286836
331638852,9319931539,309.89699690089896
331638852,9319931541,310.96704628070995
331638856,8671125585,263.14025860555284
331638856,8671125589,265.61577865661855
331638856,3335279405,279.6037791937585
331685115,316622626,42.8772257959061
331685115,665087326,39.89780924967593
331685115,1718165248,57.6493754454516
331685115,6435472419,54.30805601554429
331685115,6435472416,52.02220240581606
331685115,2772885688,55.93303838317419
334549717,2345585985,0.5424163225347711
334549717,9724126052,0.4635085838730564
334549717,26059486,0.2577913730600075
334549717,9724126050,0.5615521732032923
334549736,9838666921,1.2339571716759833e-13
334549736,10595548547,5.159618046601096e-13
334549736,9838664715,2.0497111628911831e-13
334549740,3501099795,1.8362240173976603e-11
334549740,3501099794,6.041607226982522e-12
334549740,1513884411,1.2849915750542237e-11
334549754,334549758,0.0007394619566600186
334549754,3501099797,2.615771978900515e-05
334549754,4002922657,0.00019353183683380943
334549758,334549754,0.0007394619566600186
334549758,11013982132,0.0027100735906435804
334549758,10980329300,0.007634507387197057
334549777,1909470533,0.0006789792868877493
334549777,4002876221,0.0012023521714612582
334549777,10980329299,0.0013596415602298716
334549793,10980329293,0.00022607447769933364
334549793,10980329288,5.8365343006729195e-05
334549793,1705800203,0.0017658538335439788
346112686,8568550730,255.5985684146655
346112686,8568550719,250.7497355111352
346112686,441675614,209.24867456418127
346112705,8568550664,274.3310362347936
346112705,1747621099,268.90830819151284
346112705,1747621100,265.1825516420614
346112705,8568550669,271.76590759802934
359868199,2399106438,384.12338378917445
359868199,2399106422,341.70444231116994
359868199,8422177819,413.4536205805525
359868214,8568550741,178.79240921846878
359868214,3372819547,191.61119818047692
359868214,3357225544,193.6008401343832
359868214,3357225532,187.0008328080716
361550477,1747621115,349.73019606653384
361550477,8568550632,354.5903785718764
361550477,8568550636,347.8240321089029
361550477,400886746,354.15107294468976
361552709,8675744903,1.2221107042434995e-07
361552709,8675744902,1.268787847320529e-07
361552709,8675744762,0.0001080357207410064
361552713,1986413602,0.0009166603737184165
361552713,8675744763,0.0011978657204427482
361552713,8675744762,0.0006686210502652666
361552713,8675744765,0.0017976881127377163
361552950,361552953,1.6677423812172432e-05
361552950,2903217080,1.3292222839468605e-07
361552950,1702087857,1.0789249620510196e-07
361552953,361552950,1.6677423812172432e-05
361552953,1101582040,1.657546289907263e-05
361552953,1101582347,0.008668967417373285
361552960,2628010851,0.6709046396078335
361552960,1482255436,12.04174939012599
361552973,1099409396,167.8339403194422
361552973,1554230235,144.7446146998439
361552973,1099409304,218.68799185221206
368297594,8667811663,384.03641585564947
368297594,5371862404,404.39943781924774
368297594,11066131676,372.1018416655714
368297594,5371862403,387.2350169037108
368297594,321706369,406.598959141279
368297601,2385315994,419.48253949565765
368297601,9319931548,423.85405150843724
368297601,9319931547,423.496834987605
368297601,321706398,310.90168341591595
368297601,1782743134,351.0337170249678
368297601,2385315976,407.27737147569553
368297601,2630764820,363.24315664756796
368297602,1307159669,347.9047963737596
368297602,2385315970,334.56359757082305
368297602,2385315974,343.3008784815061
368297602,9319931574,353.7140375847438
368297603,1307159669,357.1274310734208
368297603,1307159642,372.32307011266903
368297603,2905764752,341.69857890871526
368297603,1307159442,349.0586648703622
368297608,3480106950,291.287060122338
368297608,1079387244,337.3182888994056
368297608,9322639703,272.8129890919301
388545531,8667811602,367.5975251085671
388545531,8667811564,287.7581342685556
388545531,26069924,370.24413982136525
388545531,9336925656,374.72584717697475
400886720,9317774768,441.38982947415775
400886720,9317774802,386.5283919157091
400886720,1127494232,455.07109488749603
400886726,1122467994,334.3394477179105
400886726,1122468011,317.3075743005721
400886726,1122467907,320.8261464457232
400886727,1747621152,505.27007166902354
400886727,9317774852,500.9065651699125
400886727,3306931424,502.12141806976445
400886727,9317774858,515.7149479805345
400886729,1747621152,468.0796837870364
400886729,2630761939,398.3503499882412
400886729,400886743,432.882388923891
400886743,6403370365,449.3966402556101
400886743,1747621124,449.1801059480507
400886743,1747621128,428.39079563532795
400886743,1151731066,432.3030478400053
400886743,400886729,432.882388923891
400886743,3306931453,344.24575080628716
400886744,8568550646,388.8402438966133
400886744,8568550641,372.2037081067676
400886744,1076646221,373.3549008908969
400886744,1747621110,384.51976198274207
400886746,8568550637,348.95424841916986
400886746,8568550633,357.96243889651515
400886746,361550477,354.15107294468976
400886746,1747621113,353.48282631151056
410456348,8671125697,194.81534435607284
410456348,4324935218,197.83820761010293
410456348,3357165289,191.01436039734295
410456348,8671125695,176.15439648774603
410456354,6126831019,240.01969315045562
410456354,331638823,267.02517627228946
410456354,410456356,190.97974112895207
410456355,8671125660,304.5495674496033
410456355,8671125659,302.9983003122011
410456355,9322997573,302.2670432951039
410456356,6333765903,150.1090671088033
410456356,410456354,190.97974112895207
410456356,331638820,144.8607633172367
410456358,8671125629,122.20407159662594
410456358,3305186806,117.32996763417272
410456358,8671125627,118.70317138859852
415647757,313164142,378.4394267945416
415647757,8667811648,377.13187957351016
415647757,8667811647,379.71415230523337
415647757,8667811646,380.33202251503764
415647757,8667811649,374.69293441909207
415647759,1941922115,227.7159583299856
415647759,12485437631,183.69983955814817
415647759,1959271935,216.6146660546218
415647762,1076646592,331.7789651168631
415647762,1076646394,411.8748715245842
415647762,4096409458,313.35911880891604
415647762,1076646376,306.86827631733615
415647766,6333765781,252.62679253781278
415647766,2989547927,253.33772194950237
415647766,2989547920,249.316036022692
415647767,423645477,298.2827259593363
415647767,9326585933,321.4331389787027
415647767,1373613605,319.77441502993554
415647767,5371658134,340.66517803550073
415647769,4383459449,465.8168319953473
415647769,4443326620,463.125390898994
415647769,4448340024,467.5933033941475
418281159,418281160,432.6070787228548
418281159,3114944510,420.7340323831593
418281159,2883449713,430.4355758361901
418281160,1307159578,412.6152008417573
418281160,4443326627,341.98195809815786
418281160,418281159,432.6070787228548
418281166,11968916552,244.44156027610978
418281166,9345348472,222.8678976131236
418281166,8181608359,231.66426907440768
418281170,5365901204,244.57125253388725
418281170,11968916564,237.71680766073703
418281170,11968916539,226.0891437943089
418281170,11968916533,229.30786216121675
418281174,9345548882,247.02764410050463
418281174,4429450852,196.74323831077527
418281174,9345548879,255.69234510103018
418281176,1378014202,324.86826809227694
418281176,9345548845,237.82164686334704
418281176,426882138,346.26877317223386
418281183,4419524045,301.7203650770315
418281183,4419524044,270.57385650440125
418281183,7922528470,307.26567875725243
418281186,9166306170,332.53063267997106
418281186,2517256634,379.3107451576661
418281186,9345548847,374.38974016537145
418281186,2517256610,481.0347582995664
418281187,9345548984,209.6841535804036
418281187,9345530414,216.1004231074623
418281187,423645468,210.94634733898647
418281192,1325753380,264.07489174137095
418281192,1325753383,250.16559566431926
418281192,3735444869,174.67320259809506
418281193,9189456808,275.13477439986747
418281193,1325753379,272.4645565455726
418281193,9189456814,271.7438640551046
418281193,9189456806,271.30251534799834
418281195,1325753389,142.83136160675366
418281195,1325753387,111.33550812875639
418281195,3735444869,109.86229355389811
418281197,1099409434,301.90844822380484
418281197,7771933253,295.5273787886632
418281197,1325753431,311.0540823082497
418281201,2141295389,302.5732497671049
418281201,2141295391,283.31919419934707
418281201,3307250573,298.04711975834005
418281201,7922528447,293.0762583401089
418281203,5413535670,127.42722566208334
418281203,3485232807,107.94932072006566
418281203,5413535671,117.6010310651811
418281203,1722849414,119.805481782625
418281203,318919670,136.26565294715783
418281203,5225928325,104.94830792543793
418281204,3074750131,234.40834717794814
418281204,419010096,219.32860425893966
418281204,1372433729,214.41732661305076
418281204,3114944518,222.49637196895608
418281206,3074750131,251.32328097265724
418281206,1372433732,279.7570444688297
418281206,418281207,262.30655341907925
418281207,1959272019,285.75507283769156
418281207,1372433740,250.71868326968774
418281207,418281206,262.30655341907925
418281209,1372433740,230.71233715674262
418281209,1959272034,227.3063552388794
418281209,418281211,227.10795804978778
418281209,1959271937,229.46618585167005
418281211,418281209,227.10795804978778
418281211,1959271943,195.99364244121472
418281211,418281212,221.44185141109483
418281212,1959272007,205.60749183404977
418281212,9031654099,219.90427448755491
418281212,418281211,221.44185141109483
418281223,9189470638,144.43831220187923
418281223,9348064116,136.86992037563988
418281223,9189470632,159.49622307253736
418281227,3475956357,181.37957200961597
418281227,4429506711,178.36307542340143
418281227,9348108479,230.59011028973651
418281228,4429506711,140.38811326063458
418281228,4429506675,135.35995178936082
418281228,4429506691,107.33373772773461
418281237,9189428739,199.815370136657
418281237,9189428744,227.63739713344654
418281237,3475948871,226.7499065318599
418281237,4394808744,155.95059057203358
418281237,9189428741,209.80451160142755
418281262,1992246078,229.02882088336668
418281262,426907876,197.199145445824
418281262,418575607,160.73652318476832
418575563,420547145,133.9178679462865
418575563,9348108719,162.24782288596128
418575563,9348108723,112.09535737904513
418575576,2296955198,131.83420982003858
418575576,3475955756,161.64140422033194
418575576,9348108678,127.26039173102583
418575589,9348108657,68.62703812444597
418575589,418575593,71.66579426838777
418575589,4435162126,39.03219177113316
418575593,418575589,71.66579426838777
418575593,11526569117,124.50077887785767
418575593,9348108583,84.0347780854373
418575601,2296955003,127.91809724073892
418575601,11526569121,142.31184679854854
418575601,420113615,119.92856503924686
418575605,420113618,116.1119022993928
418575605,9354953264,111.64374003517554
418575605,2296955003,112.72629939339235
418575607,420113618,125.9903432401276
418575607,418281262,160.73652318476832
418575607,3292394485,100.07182984036098
418575623,418575625,133.10078485374174
418575623,426907933,132.1359420675528
418575623,3367932385,142.28545134771258
418575623,3367932383,138.33533592750055
418575625,418575623,133.10078485374174
418575625,3367932493,150.52085017025604
418575625,2311590712,112.50700881881107
418575625,419010107,131.64194478635756
418575625,3367932494,153.73215205817488
418575653,9339989007,178.15182959793617
418575653,2296955253,132.2242332500518
418575653,4429259453,192.91769710300332
418575657,4382889556,99.04643560854404
418575657,1747621172,107.380440119468
418575657,3375916349,52.4360589284658
418575657,3375919222,163.2336836613947
418575658,418575660,40.57274046840526
418575658,2135600746,50.3258545061221
418575658,3375916349,18.86893081557625
418575660,418575658,40.57274046840526
418575660,2135600746,59.40237765690816
418575660,8881694708,67.2493215947314
418575660,8881694694,32.4480757715617
418575662,2826776868,124.26555672589078
418575662,11402782625,149.11461778436086
418575662,2135569698,209.91728786248714
418575664,4408418532,284.56951868141834
418575664,7922528447,298.4753619449939
418575664,7922528450,310.8220729693793
418575664,4408418535,328.80213794300334
418575664,420456522,265.3380754261288
418575669,9339998324,107.2729539163312
418575669,4429259437,91.76143902567483
418575669,4429259449,155.09682424506985
418575673,1946525920,319.46197249496333
418575673,1729202342,258.81052339811424
418575673,1892268402,290.03280373285077
418575680,4429282930,412.49461583317975
418575680,4429282932,412.8347013749885
418575680,4429282940,413.157447207863
418575681,4429282930,403.1870042872754
418575681,1892268390,380.0026637119854
418575681,9339998377,292.61291755304984
418575684,1946525772,113.66495723810999
418575684,9880499285,127.34753100621512
418575696,11962675861,50.742180900101445
418575696,2990317107,76.76881112826713
418575696,10248760634,31.74783350258598
418575702,1987107828,144.8542659565275
418575702,418575704,108.24906630755737
418575702,2990317107,114.91432114178389
418575704,1987107871,73.28586442410241
418575704,11066181485,93.68576298227029
418575704,418575702,108.24906630755737
418614429,4572998856,286.36476582762623
418614429,5365901204,264.5955356961644
418614429,11968916555,234.44527048298494
418614431,1151193260,312.710622115986
418614431,1325753440,310.088087722999
418614431,7771933255,299.28348989713857
418760100,1188790184,135.4935186089021
418760100,1151192923,113.34535154882177
418760276,8209698427,247.73230765879447
418760276,315310715,204.92434874312107
418760276,2136831332,105.64013668471861
418760276,418760277,277.1766208990714
418760276,6303177447,109.95504063333416
418760277,4413487349,301.1822784528199
418760277,1087927009,310.3575408039356
418760277,418760278,346.71806531793663
418760277,418760276,277.1766208990714
418760278,418760277,346.71806531793663
418760278,4413492952,331.231470932634
418760278,3300116788,312.2332263690733
418760278,9311714922,356.67521425717734
419010096,3114944518,222.44109066073247
419010096,418281204,219.32860425893966
419010096,3256266055,222.9099505482792
419010107,426907933,130.67710200016865
419010107,418575625,131.64194478635756
419010107,1992245918,123.93371927542807
419010107,1499649767,118.84907647662446
419028589,10988883808,322.3923784147047
419028589,8422164555,305.96604546219146
419028589,8422164585,358.7000096200975
419028589,4324935190,372.3540275811322
419028599,3367923379,341.79037689548096
419028599,431411917,361.26012974068647
419028599,8675316942,352.0105910316973
419028599,2312870548,357.22153903241826
419028601,2312870548,373.46468103180473
419028601,1974739642,296.0842338368144
419028601,3367932136,295.4912593125744
419028613,431411910,254.09352736518832
419028613,3367932145,246.11029818657875
419028613,2296974881,236.99590422581954
419028613,2296974891,268.1019549187581
419028629,533550532,146.53007859532698
419028629,2773104967,217.2289564231382
419028629,2693780963,153.2837695928439
419028629,3367980113,217.82574455803785
420113572,7760961260,185.97356283527768
420113572,9354953219,181.18633634947503
420113572,7760961259,96.6677147355249
420113577,1992245524,212.7187777341574
420113577,1992245496,186.10620746576907
420113577,9354953190,249.67955626412106
420113598,9354953101,250.9931392736852
420113598,420113600,232.72719585081867
420113598,3722340985,339.5616739214249
420113598,426907808,167.2539927252019
420113600,1992245511,171.7918066518009
420113600,420113598,232.72719585081867
420113600,1992245472,217.6150834860384
420113601,11513052867,192.92849109485786
420113601,1992245493,179.46230803459605
420113601,1992245472,217.90784100243542
420113606,1852582717,271.58862355353426
420113606,3806662838,240.63738683768537
420113606,4382957776,219.82237651453096
420113606,3722342502,265.54320524216786
420113613,3292359817,205.171145080016
420113613,3292359803,247.36505760757257
420113613,1852582719,221.37564846004767
420113614,9050900230,284.4361626192526
420113614,9050900228,288.33311960336243
420113614,435921504,275.4444204639351
420113614,9050900236,238.230795471533
420113615,418575601,119.92856503924686
420113618,2296955003,127.6154696007458
420113618,418575607,125.9903432401276
420113618,418575605,116.1119022993928
420113621,4383459449,443.48161167301475
420113621,2989548258,419.8384319997032
420113621,4383459447,437.6816064486262
420113623,9345349906,409.38672573719055
420113623,1974739821,386.33170257725317
420113623,2883449713,412.5774063183702
420113630,11037163941,256.99383579247075
420113630,11037163943,254.97282131685984
420113630,11037163940,236.32730038798127
420113630,9345349885,316.6400254597792
420271628,8675317681,1.1004328775766484e-26
420271628,8675317682,1.7652143969044187e-27
420271628,1919128553,2.0842297280078518e-27
420271648,2905652624,1.4024856447662434e-09
420271648,420271733,1.5431536619467474e-09
